230
171
192
182
132
1
186
201
151
143
128
171
168
146
163
165
123
159
145
135
143
180
163
130
150
143
157
171
161
131
141
118
114
117
106
142
140
142
159
150
116
166
107
118
130
154
134
134
120
139
130
113
103
107
109
158
120
132
144
119
120
1
121
114
119
150
133
0
127
141
138
120
143
111
123
138
127
133
129
0
128
146
107
135
130
123
150
161
161
112
121
145
131
115
138
119
108
108
132
137
113
144
141
134
140
139
128
137
125
144
118
127
0
124
134
121
119
120
112
144
112
125
123
105
140
118
113
117
126
118
108
126
128
124
113
151
131
139
151
133
134
142
114
145
105
131
112
129
112
139
131
114
117
123
111
141
136
143
105
135
124
124
110
121
147
139
128
115
138
139
155
103
120
121
107
122
114
114
128
110
134
103
108
120
111
137
124
147
124
129
120
124
111
120
142
117
113
124
0
156
122
123
138
116
111
142
108
129
135
122
129
144
123
127
112
138
138
110
134
115
126
141
115
137
128
117
139
131
130
0
106
124
0
130
136
127
106
137
147
131
117
106
127
150
128
140
120
120
139
149
130
129
143
133
1
121
134
134
126
125
149
165
131
162
140
131
114
142
113
184
148
108
120
118
121
114
114
110
123
159
139
113
120
106
133
128
113
128
128
115
155
118
130
180
100
124
122
112
134
115
133
137
115
121
120
135
121
130
134
116
149
129
134
154
124
107
113
155
118
114
138
144
143
128
114
157
122
124
149
135
135
120
119
156
135
132
109
110
127
135
112
132
135
117
125
123
168
126
121
111
125
133
128
143
114
116
124
151
135
129
155
150
114
110
114
129
112
127
129
122
107
134
139
153
116
136
123
135
151
164
109
118
126
119
122
142
128
119
110
160
117
122
132
114
144
135
119
117
122
136
139
117
117
131
130
132
134
155
149
109
108
118
116
144
122
134
128
119
131
121
143
137
120
136
129
147
124
108
123
111
139
1
112
174
126
0
112
104
116
132
116
135
137
136
128
140
137
114
142
116
122
138
143
128
106
135
115
146
0
111
120
128
148
108
117
131
125
142
133
154
124
146
127
142
140
126
114
120
138
141
126
136
139
128
136
145
131
134
111
132
114
142
107
131
117
129
120
122
108
118
149
106
134
140
130
129
126
109
146
107
113
148
109
123
124
134
128
122
124
147
126
148
135
0
129
111
133
121
131
1
124
138
121
133
122
118
134
114
152
134
112
143
144
129
133
139
122
116
145
138
121
143
124
158
136
135
127
111
142
130
121
124
111
130
142
129
137
113
128
145
107
109
135
129
140
140
141
106
107
146
146
120
131
113
152
138
143
140
139
127
124
147
120
111
137
142
129
1
145
122
115
153
108
119
121
119
129
117
134
155
102
107
124
136
109
145
1
131
112
129
125
140
136
130
120
118
106
113
132
117
110
150
111
130
135
144
125
122
134
126
124
117
123
118
114
116
141
158
0
118
150
121
122
134
117
137
121
136
112
152
119
122
155
142
110
122
145
157
117
132
111
120
112
126
115
125
117
148
109
117
125
0
112
138
143
116
126
135
104
136
163
127
137
127
117
144
141
114
104
140
142
112
123
127
148
136
129
114
118
114
158
135
136
133
136
134
120
121
136
150
109
118
124
127
0
131
129
117
132
107
120
129
134
118
129
119
112
124
125
118
145
130
157
113
123
0
149
144
130
111
129
114
108
123
142
123
107
124
140
144
121
125
107
116
118
146
119
111
120
111
130
148
1
139
124
155
113
115
121
119
1
105
150
125
160
128
105
126
118
114
119
111
115
142
1
114
150
144
119
120
157
112
130
153
126
105
122
114
145
114
138
144
150
131
128
119
118
137
116
121
125
119
112
116
110
128
120
111
143
127
145
118
136
118
127
112
143
139
152
129
147
117
155
124
121
123
125
127
140
113
125
113
135
110
119
116
111
129
108
180
144
176
235
160
181
249
175
150
0
194
178
131
231
182
187
156
171
173
173
147
161
177
146
159
176
159
197
152
114
135
164
152
140
120
114
150
119
260
267
259
242
167
138
145
116
113
141
121
131
115
121
117
138
125
146
119
120
143
117
110
185
126
120
112
118
118
113
117
120
126
143
141
138
136
119
108
120
123
102
131
102
114
127
116
99
99
104
112
101
114
128
120
138
114
136
129
110
132
101
115
142
116
123
112
111
186
136
134
188
143
120
125
115
108
113
135
129
139
136
122
111
143
107
110
1
126
121
0
128
129
116
191
235
203
181
165
139
152
133
139
133
121
119
112
142
115
123
151
107
140
161
128
122
107
134
159
121
119
150
204
217
214
172
262
164
123
167
166
152
179
143
181
189
183
157
141
140
139
170
132
212
180
187
241
216
209
202
178
208
255
243
248
251
192
154
135
173
176
171
162
177
178
139
216
158
142
199
162
141
134
172
167
152
156
137
119
120
138
123
135
144
108
135
150
109
114
116
136
139
157
114
135
121
104
104
114
127
119
131
111
145
109
134
98
112
105
131
111
124
137
148
110
115
102
102
103
140
118
118
118
142
118
114
121
110
127
112
111
124
140
120
115
128
131
124
125
130
129
105
138
126
107
106
116
111
108
121
101
0
125
101
112
98
182
117
128
125
106
119
174
143
129
135
117
148
113
124
120
122
133
0
114
120
116
136
103
126
124
139
103
143
143
112
128
141
194
133
1
132
126
126
113
99
104
123
125
139
130
120
134
138
127
120
144
116
127
114
144
131
123
133
122
112
113
114
142
129
114
146
105
101
112
143
100
143
131
156
118
127
123
110
120
137
109
116
135
118
119
117
143
107
113
1
120
102
115
134
140
114
107
103
115
157
130
114
107
136
124
120
109
109
128
108
106
141
139
144
128
111
121
131
123
117
142
107
116
132
143
99
119
171
97
112
140
122
119
103
145
121
121
125
103
130
128
112
106
120
113
165
157
136
127
103
104
116
113
119
121
109
114
152
104
125
136
106
129
118
177
144
141
118
125
106
115
0
124
113
145
118
135
122
143
183
129
110
130
110
130
137
121
132
110
100
163
102
116
119
110
130
104
116
108
138
127
143
117
138
149
139
105
135
110
143
155
134
134
1
136
104
109
126
135
120
115
141
155
109
110
139
162
120
143
134
115
120
113
125
122
127
196
174
125
107
122
162
107
102
107
1
135
124
149
141
103
126
97
101
136
120
122
130
128
116
152
106
133
101
115
111
121
140
101
114
116
134
102
137
112
126
127
100
130
131
140
156
104
129
102
128
138
130
136
139
129
140
153
157
1
130
127
120
108
132
121
140
134
135
133
154
126
146
172
135
121
115
152
142
116
148
115
100
100
107
132
101
121
108
135
121
114
107
129
138
110
105
135
133
102
122
125
132
0
111
117
113
149
120
141
119
143
144
117
138
125
115
115
132
0
112
140
136
112
114
119
102
128
100
133
121
101
117
150
107
112
119
114
110
130
141
114
102
126
123
110
104
128
105
102
113
104
111
120
142
138
116
148
125
138
105
129
129
119
112
103
112
104
110
130
117
137
104
101
115
112
130
117
119
123
116
96
113
130
114
131
129
135
128
143
129
124
124
106
122
122
127
122
146
130
170
124
144
158
119
149
133
141
148
197
118
123
118
146
153
126
204
145
126
134
165
157
124
157
135
141
152
136
119
155
156
146
139
150
159
175
179
146
144
118
135
129
157
149
155
148
118
123
143
116
121
127
102
102
128
110
109
102
100
110
109
98
119
111
120
153
131
133
113
115
116
110
134
110
125
110
